              reads_raw  trim_adapter_bp_read1  trim_adapter_bp_read2  trim_quality_bp_read1  trim_quality_bp_read2  reads_filtered_by_Ns  reads_filtered_by_minlen  reads_passed_filter
BLANK2            23677                  12691                  17377                   3694                  23357                     1                      5393                18283
BM261           4064277                3223356                3328558                1100472                5837237                    34                    316152              3748091
BM690           4093791                3409316                3473905                 898464                5437869                    36                    514271              3579484
CAS178111       4105461                3705049                3763251                 834181                5331853                    25                   1079186              3026250
H0879           4312827                3792055                3837086                 849277                5967281                    37                    733428              3579362
H1964           3178305                2401814                2503528                 736120                4290687                    30                    253269              2925006
H4109           2163981                1482250                1536708                 488429                2646362                    16                    114185              2049780
H4137           4255879                3491780                3577583                1026769                5964042                    49                    488697              3767133
HJ0313          1114979                 709837                 738539                 233365                1210019                     6                     55891              1059082
JJS490          2966850                1885494                2059752                 771737                3572170                    31                     92574              2874245
LSUMZH12538a    3576106                2867104                2932216                 707184                4458751                    47                    422539              3153520
LSUMZH12545b    3014370                2215555                2281871                 618196                3577345                    27                    288378              2725965
LSUMZH14099     3894847                3095808                3161923                 864150                5141440                    35                    422982              3471830
LSUMZH14327b    1842929                1155216                1208510                 389168                1960332                    19                     96416              1746494
MTR01679        3956065                3282890                3354874                 815989                5264026                    32                    463097              3492936
MTR06249        4206112                3503608                3567795                 761011                4837973                    39                    498433              3707640
MTR06329        3536207                2869487                2958389                 835545                5145510                    32                    397007              3139168
MTR12298        3565625                2939868                2979600                 733161                4396641                    30                    311434              3254161
MTR13088        4035791                3344306                3420419                 902235                5456814                    35                    552124              3483632
MTR13628        2976011                2250521                2337554                 671699                3824288                    38                    159666              2816307
MTR18813        3509000                2894237                2955332                 775319                4883581                    35                    383004              3125961
MTR18870        4292430                3709174                3780621                1060458                6563314                    50                    657015              3635365
MTR18994        4234322                3717004                3755186                 854943                5615614                    32                    770198              3464092
MTR19178        4015997                3399250                3448104                 823643                5304032                    25                    573490              3442482
MTR19231        3935789                3226071                3296016                 811318                5219169                    38                    390385              3545366
MTR20736        3790232                3158635                3224217                 814725                5314203                    46                    500258              3289928
MTR20754        3635477                2957013                3011114                 726515                4844563                    43                    318126              3317308
MTR22009        3924812                3278593                3342584                 754193                5017085                    34                    515185              3409593
MTR23096        3930547                3232941                3298880                 833844                5152790                    34                    478127              3452386
MTR23155        3438276                2570279                2659986                 793261                4233211                    39                    178692              3259545
MTR24119        3940292                3205220                3267056                 807731                5019989                    32                    468896              3471364
MTR24167        3898733                3207584                3269115                 785707                5115963                    31                    510114              3388588
MTR25537        3876154                3268366                3339173                 889559                5596579                    22                    528644              3347488
MTR25597        4214920                3600397                3643999                 878764                5813298                    44                    578903              3635973
MTR25668        4214161                3506475                3591337                1029337                6272112                    40                    538273              3675848
MTR25978        2898595                1959874                2081208                 724312                3390873                    35                    103153              2795407
MTR25985        3499764                2696235                2798320                 801618                4867484                    32                    290240              3209492
MTR28056        3787419                3080259                3166479                 842979                5080785                    39                    382609              3404771
MTR28201        4834378                4139674                4195340                 923966                6435463                    38                    759192              4075148
MTR28368        4280943                3582645                3641668                 911490                5572610                    55                    494945              3785943
MTR28392        4012076                3326259                3394372                 845460                5578240                    42                    520187              3491847
MTR28413        3810699                3129186                3197941                 738581                4888290                    29                    366794              3443876
MTR28534        3970190                3408601                3464825                 789346                5464087                    40                    665879              3304271
MTR28538        4038972                3342220                3393686                 875105                5320212                    37                    534392              3504543
MTR28564        4610461                3912284                3972570                 930039                5904115                    41                    644129              3966291
MTR28576        3814907                3194228                3239882                 770342                5165714                    30                    543415              3271462
MTR28578        4117509                3480463                3525742                 854504                5446215                    43                    583691              3533775
MTR28680        3632901                2878725                2950988                 797304                4886245                    35                    282325              3350541
MTR33061        3445273                2781688                2863867                 729569                4523361                    33                    363104              3082136
MTR33431        4169309                3605352                3662276                 843612                5921245                    30                    752909              3416370
MTR33486        7320972                5437029                5580733                1463133                8684218                    71                    614160              6706741
MTR33729        3877660                3123643                3179465                 965664                5234475                    35                    358557              3519068
MTR34236        3065263                2367691                2435038                 597307                3706064                    36                    217312              2847915
MTR34395        3642549                2880721                2982477                 779635                4832434                    26                    356252              3286271
MTR34501        3644651                2989231                3043484                 733418                4450526                    28                    372999              3271624
MTR35000        3948038                3278356                3335380                 785611                5167087                    34                    494383              3453621
MTR35697        3587305                2716013                2838729                 808437                4752071                    23                    269642              3317640
MTR35702        4029988                3274296                3351068                 838953                5291197                    40                    348131              3681817
MTR35709        3854633                2895993                2995457                 883502                4811905                    31                    217966              3636636
MTR35895        3567073                2877932                2934404                 788683                4896834                    37                    351042              3215994
MTR35939        3932718                3280504                3345352                 802159                4998735                    31                    474981              3457706
MTR36074        4057027                3585261                3629715                 776374                5448449                    38                    724414              3332575
MTR36139        4039539                3474197                3526847                 810431                5404340                    32                    597421              3442086
MTR36477        4119189                3529941                3585023                 837350                5605100                    28                    569852              3549309
MTR36731        4471290                3763392                3841366                 964201                6152329                    35                    630008              3841247
MTR36746        3817093                3182931                3255466                 919174                5434436                    32                    506371              3310690
MTR36859        3312738                2586778                2665415                 774041                4390815                    36                    296077              3016625
MTR36939        3858675                3112268                3195944                 871623                5228094                    45                    395457              3463173
MTR36941        3973123                3295530                3348841                 864186                5278512                    29                    511997              3461097
MTR36971        4319815                3596495                3653565                 958738                5769101                    51                    506943              3812821
MTR37287        4394218                3686076                3744309                 854056                5376290                    36                    480932              3913250
MTR40040        3770185                3410188                3448349                 894347                5634859                    35                    516773              3253377
MTR40243        3706686                2973937                3086158                 963070                5217877                    40                    369263              3337383
MTR40382        4382767                3621383                3685176                 910251                5662547                    45                    570899              3811823
MTR40904        4228871                3479180                3562542                 975686                5785467                    48                    569075              3659748
MTR40916        4265729                3600542                3658907                 865528                5604907                    36                    561954              3703739
MTR41431        4200917                3387331                3480246                 934671                5684961                    34                    500539              3700344
MTR41563        3992944                3318597                3382900                 839624                5339089                    37                    470146              3522761
MTR977706       5173455                4370001                4442964                1047623                6686446                    44                    700588              4472823
PHV4109         3945739                3271292                3330441                 918334                5258222                    32                    435337              3510370
PRMS499         4097278                3328066                3392395                 865534                5497785                    32                    436299              3660947
PRMS525         3921474                3080493                3178023                 911757                5197415                    31                    372870              3548573
PRMS530         3557484                2860741                2915559                 771392                4610901                    39                    333795              3223650
PRMS539         3271784                2377485                2491702                 798350                4305282                    36                    188408              3083340
PRMS588         4018064                3298737                3360305                 788378                5258315                    29                    490537              3527498
PRMS590         3662831                2926665                3021759                 798052                5116921                    29                    390673              3272129
PRMS734         3259441                2593556                2664913                 768502                4468597                    33                    356962              2902446
PRMS766         8861451                6982251                7134764                1898116               11324598                    79                    979112              7882260
PRMS768         8801793                6398195                6668823                2124163               11105162                   100                    541799              8259894
PRMS795         7372974                5639891                5772050                1632060                9431745                    89                    731952              6640933
PRMS799         3505768                2423533                2567448                 784925                4128670                    35                    186785              3318948
PRMS852         3424939                2539839                2650013                 786961                4483028                    32                    229374              3195533
PRMS860         4136208                3428926                3500055                 968390                5753642                    43                    544808              3591357
RF73            3576274                3034986                3107923                 829887                5032818                    32                    500755              3075487
SMS608          3488884                2813240                2898592                 782281                4705043                    28                    394575              3094281
SMS963          3813209                3184691                3238097                 768259                5083402                    28                    533930              3279251