             clusters_total  hidepth_min clusters_hidepth avg_depth_total avg_depth_mj avg_depth_stat sd_depth_total sd_depth_mj sd_depth_stat filtered_bad_align
BLANK1                 3334          6.0              648            3.37        10.28          10.28           7.75       15.61         15.61                  0
BLANK2                 4418          6.0              888            4.11        15.23          15.23           6.78        8.44          8.44                  0
BM260                703127          6.0            73793            3.44        20.15          20.15          92.55      285.12        285.12               4153
BM261                778477          6.0            87084            3.62        20.88          20.88         116.84      348.84        348.84               4307
BM527                508200          6.0            65755            3.97        20.13          20.13          85.44      236.88        236.88                  0
BM690                687136          6.0            80546            3.89        22.16          22.16         110.43      321.94        321.94                  0
CAS178101            464612          6.0            50529            3.98        24.07          24.07          86.33      260.91        260.91               3172
CAS178111            465069          6.0            63935            4.97        26.50          26.50         152.85      411.58        411.58               2541
CORBIDI5457          643208          6.0           100364            3.28        12.25          12.25          18.87       46.70         46.70                  0
H0805                533024          6.0            39759            2.60        16.29          16.29          31.85      115.71        115.71               2517
H0879                574980          6.0            78569            4.72        25.06          25.06         158.63      428.56        428.56                  0
H1888                644526          6.0            58033            3.03        18.52          18.52          69.83      232.13        232.13                  0
H1964                669143          6.0            71663            3.33        18.44          18.44          81.61      248.84        248.84                  0
H3705                503133          6.0            40786            2.83        15.65          15.65          59.16      207.33        207.33                  0
H4108                639764          6.0            63960            3.01        16.02          16.02          37.71      118.44        118.44                  0
H4109                600017          6.0            46689            2.77        18.16          18.16          48.34      172.53        172.53                  0
H4113                584493          6.0            66839            3.63        20.08          20.08          66.81      196.77        196.77               3919
H4137                763374          6.0            83030            3.75        22.73          22.73         128.47      389.00        389.00               5638
HJ0174               677800          6.0            43548            2.64        19.49          19.49          61.71      242.81        242.81                  0
HJ0313               365153          6.0            17696            2.36        18.57          18.57          24.06      107.95        107.95                  0
JFT726               639661          6.0            54270            3.19        21.44          21.44          88.22      302.26        302.26               5238
JJS490               894909          6.0            66697            2.50        15.04          15.04          55.43      202.60        202.60                  0
LSUMZH12538a         742378          6.0            72892            3.20        19.39          19.39          74.74      237.90        237.90               4051
LSUMZH12538b         574569          6.0            28615            2.16        14.76          14.76          15.58       68.49         68.49               2855
LSUMZH12545a         621649          6.0            62382            3.19        18.21          18.21          60.62      190.67        190.67               3410
LSUMZH12545b         736060          6.0            64571            2.93        18.01          18.01          59.35      199.75        199.75               4914
LSUMZH14094          644597          6.0            71200            3.44        18.97          18.97          78.87      236.73        236.73               2459
LSUMZH14099          823223          6.0            86579            3.32        19.35          19.35          61.38      188.48        188.48               1502
LSUMZH14327a         585914          6.0            60611            3.28        18.02          18.02          74.30      230.46        230.46               2758
LSUMZH14327b         594674          6.0            35792            2.41        16.67          16.67          33.55      135.91        135.91               2896
LSUMZH15471          685453          6.0            63980            3.10        18.87          18.87          86.34      282.10        282.10               4660
MTR01679             519817          6.0            84319            5.32        25.18          25.18         141.49      350.64        350.64               2025
MTR04529             600058          6.0           103086            4.08        16.41          16.41          53.59      128.57        128.57                  0
MTR06037             628235          6.0            76597            3.73        19.58          19.58         104.37      298.40        298.40               4689
MTR06249             579742          6.0            86889            5.19        26.43          26.43         167.11      431.04        431.04                180
MTR06262             709158          6.0            76715            3.42        19.34          19.34         110.76      336.31        336.31               4057
MTR06329             650665          6.0            78303            3.67        19.54          19.54         108.83      313.25        313.25               3592
MTR12159             505613          6.0            48515            3.79        24.83          24.83         142.32      458.90        458.90               3393
MTR12298             569961          6.0            63127            3.93        23.38          23.38         142.51      427.72        427.72                  0
MTR12860             683041          6.0            58132            3.04        19.91          19.91          86.70      296.64        296.64               5005
MTR13088             710604          6.0            79797            3.79        22.30          22.30         129.29      385.30        385.30               2448
MTR13253             474762          6.0            58878            4.07        21.62          21.62         115.28      326.79        326.79               3071
MTR13628             516841          6.0            69350            4.07        20.20          20.20         103.82      282.88        282.88                  0
MTR18729             494277          6.0            82601            4.94        21.56          21.56          95.37      232.57        232.57               3054
MTR18813             469077          6.0            79996            5.18        22.43          22.43          73.62      177.26        177.26               2348
MTR18816             533602          6.0            57858            3.44        18.99          18.99          87.09      263.95        263.95               2979
MTR18870             660567          6.0            69841            4.16        27.10          27.10         161.12      494.92        494.92                  0
MTR18923             548450          6.0            63453            4.15        24.52          24.52         200.24      588.31        588.31               3195
MTR18994             589137          6.0            78841            4.58        24.53          24.53         155.70      425.08        425.08                  0
MTR19062             523940          6.0            70136            4.14        20.85          20.85         104.95      286.28        286.28                  0
MTR19178             684713          6.0            79688            3.96        22.94          22.94         140.40      411.05        411.05               4469
MTR19188             651677          6.0            71609            3.49        19.60          19.60          92.33      277.98        277.98                  0
MTR19231             723025          6.0            84223            3.74        21.03          21.03         107.86      315.47        315.47               5017
MTR20541             535227          6.0            93505            4.93        21.23          21.23          93.42      222.78        222.78                743
MTR20711             624107          6.0            80107            3.85        19.64          19.64          59.32      164.69        164.69               3079
MTR20736             600696          6.0            79122            4.17        21.87          21.87         113.77      312.89        312.89               3344
MTR20738             638176          6.0            70174            3.42        18.97          18.97          58.10      174.41        174.41               3257
MTR20754             497545          6.0            80439            5.49        26.34          26.34         220.98      549.11        549.11               2104
MTR21992             603558          6.0            57826            3.39        21.16          21.16         106.18      342.50        342.50                  0
MTR22009             670196          6.0            70417            3.79        23.63          23.63         135.56      417.66        417.66               4979
MTR23059             543704          6.0            63864            3.69        19.82          19.82          87.56      254.90        254.90               2066
MTR23096             658114          6.0            81327            3.99        21.83          21.83          86.97      246.66        246.66               4324
MTR23120             558911          6.0            65945            3.76        20.40          20.40          82.15      238.48        238.48                  0
MTR23155             841747          6.0            78576            2.97        18.04          18.04          55.37      180.52        180.52               4644
MTR23156             768147          6.0            73338            2.95        16.87          16.87          56.26      181.46        181.46               4179
MTR24119             766993          6.0            79566            3.45        20.90          20.90         108.03      334.88        334.88               4182
MTR24137             631300          6.0            55946            2.91        17.31          17.31          49.72      166.30        166.30               3788
MTR24167             715046          6.0            78023            3.64        21.59          21.59         117.49      355.14        355.14                  0
MTR25524             632927          6.0            63094            3.36        19.99          19.99         107.59      340.31        340.31                  0
MTR25537             610408          6.0            72230            4.26        24.89          24.89         190.36      552.95        552.95               3683
MTR25538             626524          6.0            63765            3.47        20.88          20.88         126.59      396.37        396.37               3903
MTR25597             505895          6.0            82305            5.51        25.71          25.71         230.76      571.68        571.68               3349
MTR25668             671488          6.0            78424            4.26        25.30          25.30         192.95      564.15        564.15               4164
MTR25978             795733          6.0            55867            2.74        19.73          19.73          91.93      346.48        346.48                  0
MTR25984             769560          6.0            74116            3.35        21.15          21.15         143.55      462.18        462.18                  0
MTR25985             745787          6.0            69316            3.32        21.55          21.55         131.76      431.76        431.76                  0
MTR26007             539967          6.0            57106            3.75        22.52          22.52         139.65      428.95        428.95               3580
MTR28056             689975          6.0            84130            3.74        20.05          20.05          93.09      266.01        266.01               3868
MTR28194             645524          6.0            78529            3.71        19.64          19.64         100.24      286.89        286.89               3740
MTR28201             685660          6.0            91769            4.42        23.46          23.46         136.85      373.49        373.49               3672
MTR28206             548410          6.0            63948            3.69        19.85          19.85          98.43      287.73        287.73                  0
MTR28265             645266          6.0            53483            2.94        19.05          19.05          63.34      219.33        219.33                  0
MTR28368             695253          6.0            90461            4.20        22.41          22.41         139.04      384.95        384.95                  0
MTR28392             670446          6.0            83253            4.01        21.87          21.87         118.95      337.00        337.00                  0
MTR28393             658244          6.0            79928            3.79        20.43          20.43          99.31      284.44        284.44                  0
MTR28413             696777          6.0            83119            3.76        20.63          20.63         108.29      313.02        313.02                  0
MTR28414             655587          6.0            61877            3.13        18.90          18.90          81.93      266.16        266.16                  0
MTR28534             564116          6.0            78012            4.50        23.02          23.02         143.32      384.88        384.88                  0
MTR28535             967555          6.0           107729            3.46        19.41          19.41          95.62      286.06        286.06                  0
MTR28538             717582          6.0            81757            3.68        21.06          21.06          98.31      290.66        290.66                  0
MTR28563             738125          6.0            75857            3.15        17.72          17.72          72.56      225.81        225.81               2493
MTR28564             755427          6.0            89523            4.02        23.19          23.19         134.07      388.92        388.92                  0
MTR28565             700715          6.0            59478            2.97        19.25          19.25          69.93      239.39        239.39                  0
MTR28576             668531          6.0            72688            3.69        21.91          21.91         118.21      357.96        357.96               4070
MTR28577             632702          6.0            61800            3.24        19.26          19.26          83.82      267.65        267.65               3891
MTR28578             680121          6.0            81336            3.94        22.16          22.16         119.71      345.60        345.60               4105
MTR28579             633104          6.0            60822            3.21        19.35          19.35          83.91      270.18        270.18               3912
MTR28680             757340          6.0            77172            3.38        20.44          20.44         110.23      344.84        344.84                  0
MTR33060             675532          6.0            52738            2.92        20.00          20.00          76.12      271.84        271.84               5277
MTR33061             643941          6.0            64250            3.57        22.47          22.47         135.12      427.29        427.29               5006
MTR33063             636517          6.0            68429            3.46        19.74          19.74          92.73      282.28        282.28               4910
MTR33431             439382          6.0            69182            5.54        26.71          26.71         167.61      421.75        421.75                  0
MTR33486            1038237          6.0           142922            5.22        29.30          29.30         119.47      320.95        320.95               7118
MTR33729             667608          6.0            67349            3.79        25.08          25.08         270.19      850.37        850.37               1392
MTR34156             536488          6.0            59134            3.57        19.70          19.70          93.61      281.43        281.43                  0
MTR34236             436327          6.0            70490            4.91        21.90          21.90         131.95      327.76        327.76                  0
MTR34394             674975          6.0            69724            3.55        21.51          21.51         120.37      374.03        374.03                  0
MTR34395             653113          6.0            70219            3.66        21.73          21.73         137.92      420.18        420.18                  0
MTR34472             597752          6.0            45083            2.90        20.19          20.19          82.73      300.68        300.68                  0
MTR34501             595276          6.0            72279            4.08        22.71          22.71         141.70      406.15        406.15                  0
MTR34595             677144          6.0            56211            2.89        18.01          18.01          65.76      227.65        227.65               2486
MTR35000             725062          6.0            69959            3.56        23.54          23.54         150.54      484.17        484.17                  0
MTR35696             708117          6.0            88354            3.81        20.13          20.13         110.17      311.40        311.40               4083
MTR35697             719001          6.0            86053            3.47        17.83          17.83          81.31      234.53        234.53                  0
MTR35698             893045          6.0            76485            2.78        17.03          17.03          64.97      221.49        221.49               5853
MTR35702             783854          6.0            79095            3.51        22.02          22.02         105.62      331.91        331.91               5924
MTR35708             772500          6.0            73404            2.81        15.20          15.20          41.83      135.04        135.04               3951
MTR35709             902191          6.0            84225            3.06        18.83          18.83          84.48      275.99        275.99               6287
MTR35861             638230          6.0            70917            3.47        19.17          19.17          78.97      236.31        236.31                  0
MTR35895             698328          6.0            77461            3.55        20.19          20.19          81.86      245.15        245.15               4376
MTR35916             676638          6.0            63728            3.22        19.33          19.33          89.38      290.72        290.72                  0
MTR35939             656595          6.0            83630            3.96        20.91          20.91          93.72      261.97        261.97                  0
MTR35968             638940          6.0            70495            3.47        19.29          19.29          84.90      255.03        255.03               2611
MTR36074             542386          6.0            78167            4.73        23.78          23.78         140.47      369.45        369.45                  0
MTR36086             567744          6.0            76244            4.09        20.42          20.42         107.93      293.99        293.99                  0
MTR36139             631159          6.0            81380            4.18        22.41          22.41         127.75      355.23        355.23               3433
MTR36275             667009          6.0            70363            3.37        19.26          19.26          83.02      255.03        255.03               3441
MTR36477             637052          6.0            83901            4.27        22.65          22.65         130.95      360.28        360.28               3071
MTR36540             544878          6.0            74394            4.24        21.25          21.25         118.55      320.30        320.30               3556
MTR36731             722334          6.0            88024            4.06        22.85          22.85         123.85      354.19        354.19                  0
MTR36732             696026          6.0            59579            3.17        21.57          21.57         111.38      380.18        380.18                  0
MTR36746             655105          6.0            78048            3.92        21.96          21.96         118.27      342.11        342.11                  0
MTR36819             614720          6.0            71264            3.62        19.57          19.57          93.76      274.84        274.84               3090
MTR36859             552882          6.0            79360            4.18        19.82          19.82          66.49      174.65        174.65               3630
MTR36879             539805          6.0            62987            3.62        19.34          19.34          91.79      268.19        268.19               2839
MTR36939             694849          6.0            84240            3.77        20.35          20.35         105.08      301.25        301.25                  0
MTR36940             646533          6.0            74235            3.58        19.53          19.53         103.76      305.74        305.74               4297
MTR36941             730104          6.0            79790            3.59        21.06          21.06         110.77      334.54        334.54               5382
MTR36942             656411          6.0            62276            3.18        19.31          19.31          93.08      301.71        301.71               4622
MTR36971             718884          6.0            87323            3.99        22.33          22.33         114.43      327.73        327.73                  0
MTR37027             673103          6.0            74300            3.46        19.19          19.19          96.71      290.60        290.60               4145
MTR37287             689686          6.0            76642            4.08        25.10          25.10         156.84      469.96        469.96                  0
MTR39952             340770          6.0            59739            4.81        19.64          19.64         112.79      268.88        268.88                  0
MTR40040             571184          6.0            81317            4.37        20.90          20.90         133.86      354.30        354.30                  0
MTR40119             656050          6.0            70804            3.48        19.98          19.98          86.12      261.54        261.54                  0
MTR40243             817075          6.0            97667            3.35        16.52          16.52          75.34      217.45        217.45               3323
MTR40374             674115          6.0            64154            3.15        18.99          18.99          73.41      237.36        237.36                  0
MTR40382             777319          6.0            86652            3.70        21.79          21.79          97.29      290.74        290.74               2238
MTR40847             668185          6.0            73189            3.40        18.93          18.93          84.15      253.73        253.73                  0
MTR40904             744982          6.0            84477            3.76        21.87          21.87         112.33      333.03        333.03               3934
MTR40906             499436          6.0            61965            3.94        20.69          20.69         100.55      284.89        284.89               2798
MTR40916             672817          6.0            88493            4.23        22.42          22.42         128.90      354.89        354.89                  0
MTR41369             505483          6.0            71234            4.12        20.17          20.17         104.94      279.00        279.00               2304
MTR41431             760276          6.0            87846            3.68        20.87          20.87         101.50      298.03        298.03                  0
MTR41440            1070646          6.0           111265            3.36        20.12          20.12          90.24      279.35        279.35               5700
MTR41563             677787          6.0            83370            3.99        21.91          21.91         110.61      314.78        314.78                  0
MTR967911            664777          6.0            71597            4.00        24.87          24.87         175.54      534.44        534.44                  0
MTR977706            835643          6.0            88360            3.92        25.08          25.08         149.10      457.95        457.95               6928
PEU488               725042          6.0            67970            3.10        18.94          18.94          89.74      292.61        292.61                  0
PHV4109              472412          6.0            80678            5.46        24.66          24.66         195.72      473.14        473.14                  0
PRMS498              808183          6.0            67723            2.73        16.59          16.59          48.86      168.12        168.12               1573
PRMS499              759750          6.0            84064            3.64        21.34          21.34         104.89      314.77        314.77               2225
PRMS501              715250          6.0            70001            3.07        17.56          17.56          69.36      221.18        221.18               3771
PRMS525              805433          6.0            82056            3.33        20.10          20.10          92.89      290.46        290.46               4347
PRMS528              729748          6.0            69551            2.94        16.42          16.42          55.50      179.19        179.19               4756
PRMS530              684422          6.0            77720            3.53        19.57          19.57          94.83      280.88        280.88                  0
PRMS538              661251          6.0            61277            3.09        18.86          18.86          72.09      236.22        236.22                  0
PRMS539              764992          6.0            72958            3.06        18.12          18.12          67.51      218.00        218.00                  0
PRMS587              685417          6.0            62654            3.03        18.28          18.28          65.71      216.74        216.74                  0
PRMS588              705475          6.0            82885            3.78        21.22          21.22         117.87      343.37        343.37               2226
PRMS589              611153          6.0            60225            3.14        17.84          17.84          71.53      227.31        227.31                  0
PRMS590              708476          6.0            78268            3.51        19.97          19.97          93.99      282.24        282.24               2098
PRMS700              687153          6.0            61496            3.01        18.51          18.51          71.72      239.17        239.17                  0
PRMS734              644688          6.0            70278            3.46        19.65          19.65          83.60      252.59        252.59                  0
PRMS751              734733          6.0            75432            3.06        16.83          16.83          65.15      202.80        202.80               4930
PRMS766             1494175          6.0           149594            3.85        26.25          26.25         143.60      453.20        453.20               4648
PRMS767              745204          6.0            65611            2.85        16.99          16.99          55.03      184.84        184.84               3903
PRMS768             1756127          6.0           164687            3.45        23.87          23.87         119.31      389.00        389.00               4077
PRMS769              731477          6.0            61120            2.73        16.17          16.17          48.86      168.42        168.42               1989
PRMS795             1343702          6.0           140426            3.74        23.98          23.98         127.70      394.43        394.43                  0
PRMS796              709494          6.0            56090            2.68        16.19          16.19          43.18      152.89        152.89                  0
PRMS799              881170          6.0            82967            2.88        16.60          16.60          56.53      183.63        183.63                  0
PRMS845              689530          6.0            63191            3.07        18.85          18.85          74.33      244.97        244.97                  0
PRMS852              785792          6.0            79893            3.12        17.83          17.83          71.79      224.59        224.59                  0
PRMS859              653575          6.0            64508            3.09        17.45          17.45          66.42      210.86        210.86                  0
PRMS860              716834          6.0            83847            3.89        22.33          22.33         123.65      360.99        360.99               4587
RF23                 693379          6.0            75058            3.36        18.69          18.69          74.06      224.48        224.48                  0
RF73                 584936          6.0            71413            3.97        21.81          21.81         111.91      319.72        319.72                  0
SMS473               769103          6.0            95376            4.07        22.35          22.35         166.57      472.59        472.59                  0
SMS608               664496          6.0            74849            3.60        20.30          20.30          99.52      295.99        295.99                  0
SMS941               681082          6.0            76280            3.47        19.30          19.30          76.06      226.65        226.65               2016
SMS963               595544          6.0            77876            4.14        21.70          21.70          92.44      254.92        254.92                  0